0 -inf 0
0 -inf 0
0 -inf 0
0 -inf 0
0 -inf 0
0 -inf 0
0 -inf 0
0 -inf 0
0 -inf 0
0 -inf 0
0 -inf 0
0 -inf 0
0 -inf 0
0 -inf 0
0 -inf 0
0 -inf 0
0 -inf 0
0 -inf 0
0 -inf 0
0 -inf 0
0 -inf 0

-0.149438 -1.59962 -0.000238003
-0.147724 -1.59962 -0.0225671
-0.142693 -1.59962 -0.0443893
-0.134457 -1.59962 -0.0652147
-0.123202 -1.59962 -0.0845754
-0.10918 -1.59962 -0.102037
-0.0927057 -1.59962 -0.117207
-0.0741495 -1.59962 -0.129744
-0.0539282 -1.59962 -0.139368
-0.0324957 -1.59962 -0.145862
-0.0103334 -1.59962 -0.14908
0.0120609 -1.59962 -0.148951
0.0341844 -1.59962 -0.145476
0.0555402 -1.59962 -0.138734
0.0756486 -1.59962 -0.128876
0.0940582 -1.59962 -0.116124
0.110355 -1.59962 -0.100764
0.124174 -1.59962 -0.0831416
0.135204 -1.59962 -0.0636516
0.143198 -1.59962 -0.0427322
0.147976 -1.59962 -0.0208531

-0.29552 -0.934244 -0.000470661
-0.292131 -0.934244 -0.0446273
-0.282182 -0.934244 -0.0877817
-0.265895 -0.934244 -0.128965
-0.243637 -0.934244 -0.167252
-0.215908 -0.934244 -0.201782
-0.183329 -0.934244 -0.231781
-0.146634 -0.934244 -0.256575
-0.106645 -0.934244 -0.275607
-0.0642616 -0.934244 -0.288449
-0.0204348 -0.934244 -0.294813
0.023851 -0.934244 -0.294556
0.0676011 -0.934244 -0.287684
0.109833 -0.934244 -0.274352
0.149598 -0.934244 -0.254858
0.186004 -0.934244 -0.22964
0.218232 -0.934244 -0.199266
0.24556 -0.934244 -0.164416
0.267372 -0.934244 -0.125874
0.28318 -0.934244 -0.0845047
0.292629 -0.934244 -0.0412378

-0.434965 -0.574131 -0.000692749
-0.429977 -0.574131 -0.0656853
-0.415333 -0.574131 -0.129203
-0.391362 -0.574131 -0.189819
-0.358601 -0.574131 -0.246171
-0.317787 -0.574131 -0.296996
-0.269836 -0.574131 -0.34115
-0.215825 -0.574131 -0.377643
-0.156967 -0.574131 -0.405655
-0.0945843 -0.574131 -0.424557
-0.0300772 -0.574131 -0.433924
0.0351054 -0.574131 -0.433547
0.0994996 -0.574131 -0.423432
0.161659 -0.574131 -0.403809
0.220188 -0.574131 -0.375116
0.273773 -0.574131 -0.337999
0.321208 -0.574131 -0.293292
0.361431 -0.574131 -0.241998
0.393536 -0.574131 -0.185269
0.416803 -0.574131 -0.124379
0.43071 -0.574131 -0.0606964

-0.564642 -0.347991 -0.000899279
-0.558167 -0.347991 -0.0852682
-0.539157 -0.347991 -0.167722
-0.508039 -0.347991 -0.246409
-0.465511 -0.347991 -0.319563
-0.412529 -0.347991 -0.38554
-0.350283 -0.347991 -0.442858
-0.280169 -0.347991 -0.490231
-0.203764 -0.347991 -0.526594
-0.122783 -0.347991 -0.551131
-0.0390442 -0.347991 -0.563291
0.0455714 -0.347991 -0.5628
0.129164 -0.347991 -0.549671
0.209855 -0.347991 -0.524197
0.285833 -0.347991 -0.48695
0.355393 -0.347991 -0.438768
0.416971 -0.347991 -0.380732
0.469184 -0.347991 -0.314145
0.510861 -0.347991 -0.240504
0.541065 -0.347991 -0.161461
0.559118 -0.347991 -0.078792

-0.681638 -0.200664 -0.00108561
-0.673822 -0.200664 -0.102936
-0.650873 -0.200664 -0.202475
-0.613307 -0.200664 -0.297467
-0.561967 -0.200664 -0.385778
-0.498007 -0.200664 -0.465425
-0.422863 -0.200664 -0.53462
-0.338222 -0.200664 -0.591809
-0.245985 -0.200664 -0.635707
-0.148224 -0.200664 -0.665328
-0.0471343 -0.200664 -0.680007
0.055014 -0.200664 -0.679415
0.155927 -0.200664 -0.663565
0.253338 -0.200664 -0.632812
0.345059 -0.200664 -0.587848
0.429032 -0.200664 -0.529682
0.503369 -0.200664 -0.459621
0.566401 -0.200664 -0.379237
0.616714 -0.200664 -0.290337
0.653176 -0.200664 -0.194916
0.67497 -0.200664 -0.095118

-0.783326 -0.106015 -0.00124757
-0.774344 -0.106015 -0.118292
-0.747971 -0.106015 -0.23268
-0.704801 -0.106015 -0.341843
-0.645802 -0.106015 -0.443329
-0.5723 -0.106015 -0.534858
-0.485946 -0.106015 -0.614376
-0.388678 -0.106015 -0.680096
-0.282681 -0.106015 -0.730542
-0.170336 -0.106015 -0.764583
-0.0541658 -0.106015 -0.781452
0.0632211 -0.106015 -0.780772
0.179188 -0.106015 -0.762557
0.291131 -0.106015 -0.727216
0.396536 -0.106015 -0.675544
0.493035 -0.106015 -0.608701
0.578462 -0.106015 -0.528188
0.650898 -0.106015 -0.435813
0.708716 -0.106015 -0.33365
0.750618 -0.106015 -0.223994
0.775663 -0.106015 -0.109308

-0.867422 -0.0485017 -0.0013815
-0.857475 -0.0485017 -0.130992
-0.828272 -0.0485017 -0.257661
-0.780467 -0.0485017 -0.378543
-0.715134 -0.0485017 -0.490924
-0.633741 -0.0485017 -0.592279
-0.538116 -0.0485017 -0.680334
-0.430406 -0.0485017 -0.753109
-0.31303 -0.0485017 -0.808972
-0.188623 -0.0485017 -0.846667
-0.059981 -0.0485017 -0.865347
0.0700084 -0.0485017 -0.864593
0.198425 -0.0485017 -0.844423
0.322386 -0.0485017 -0.805289
0.439107 -0.0485017 -0.748069
0.545967 -0.0485017 -0.67405
0.640565 -0.0485017 -0.584893
0.720777 -0.0485017 -0.4826
0.784803 -0.0485017 -0.36947
0.831203 -0.0485017 -0.248042
0.858936 -0.0485017 -0.121043

-0.932038 -0.0172396 -0.00148441
-0.92135 -0.0172396 -0.14075
-0.889971 -0.0172396 -0.276854
-0.838605 -0.0172396 -0.406741
-0.768406 -0.0172396 -0.527493
-0.68095 -0.0172396 -0.636399
-0.578201 -0.0172396 -0.731013
-0.462467 -0.0172396 -0.80921
-0.336348 -0.0172396 -0.869234
-0.202674 -0.0172396 -0.909736
-0.0644491 -0.0172396 -0.929808
0.0752234 -0.0172396 -0.928999
0.213207 -0.0172396 -0.907326
0.346402 -0.0172396 -0.865276
0.471817 -0.0172396 -0.803794
0.586637 -0.0172396 -0.724261
0.688282 -0.0172396 -0.628463
0.774469 -0.0172396 -0.51855
0.843264 -0.0172396 -0.396992
0.893121 -0.0172396 -0.266519
0.92292 -0.0172396 -0.13006

-0.975722 -0.00360583 -0.00155399
-0.964534 -0.00360583 -0.147347
-0.931684 -0.00360583 -0.28983
-0.87791 -0.00360583 -0.425805
-0.804421 -0.00360583 -0.552217
-0.712866 -0.00360583 -0.666227
-0.605301 -0.00360583 -0.765275
-0.484143 -0.00360583 -0.847137
-0.352112 -0.00360583 -0.909974
-0.212173 -0.00360583 -0.952375
-0.0674698 -0.00360583 -0.973388
0.0787491 -0.00360583 -0.97254
0.223199 -0.00360583 -0.949852
0.362637 -0.00360583 -0.905831
0.493931 -0.00360583 -0.841468
0.614132 -0.00360583 -0.758207
0.720541 -0.00360583 -0.657918
0.810768 -0.00360583 -0.542854
0.882787 -0.00360583 -0.415599
0.934981 -0.00360583 -0.27901
0.966177 -0.00360583 -0.136155

-0.997494 -0.000118339 -0.00158866
-0.986056 -0.000118339 -0.150634
-0.952473 -0.000118339 -0.296297
-0.897499 -0.000118339 -0.435306
-0.82237 -0.000118339 -0.564539
-0.728772 -0.000118339 -0.681093
-0.618808 -0.000118339 -0.782351
-0.494946 -0.000118339 -0.86604
-0.359969 -0.000118339 -0.930279
-0.216908 -0.000118339 -0.973626
-0.0689752 -0.000118339 -0.995107
0.0805063 -0.000118339 -0.994241
0.22818 -0.000118339 -0.971046
0.370729 -0.000118339 -0.926043
0.504952 -0.000118339 -0.860244
0.627835 -0.000118339 -0.775125
0.736619 -0.000118339 -0.672599
0.828859 -0.000118339 -0.554967
0.902485 -0.000118339 -0.424872
0.955843 -0.000118339 -0.285236
0.987735 -0.000118339 -0.139194

-0.996864 0.000165725 -0.00158766
-0.985433 0.000165725 -0.150539
-0.951871 0.000165725 -0.29611
-0.896933 0.000165725 -0.435031
-0.821851 0.000165725 -0.564182
-0.728312 0.000165725 -0.680663
-0.618417 0.000165725 -0.781857
-0.494633 0.000165725 -0.865493
-0.359742 0.000165725 -0.929691
-0.216771 0.000165725 -0.973011
-0.0689317 0.000165725 -0.994479
0.0804554 0.000165725 -0.993613
0.228036 0.000165725 -0.970433
0.370495 0.000165725 -0.925459
0.504633 0.000165725 -0.859701
0.627439 0.000165725 -0.774636
0.736153 0.000165725 -0.672174
0.828336 0.000165725 -0.554617
0.901915 0.000165725 -0.424604
0.95524 0.000165725 -0.285056
0.987112 0.000165725 -0.139106

-0.973846 0.00403519 -0.001551
-0.962679 0.00403519 -0.147063
-0.929893 0.00403519 -0.289273
-0.876223 0.00403519 -0.424986
-0.802874 0.00403519 -0.551155
-0.711495 0.00403519 -0.664946
-0.604138 0.00403519 -0.763804
-0.483212 0.00403519 -0.845509
-0.351435 0.00403519 -0.908225
-0.211766 0.00403519 -0.950544
-0.0673401 0.00403519 -0.971517
0.0785977 0.00403519 -0.970671
0.22277 0.00403519 -0.948026
0.36194 0.00403519 -0.90409
0.492981 0.00403519 -0.83985
0.612951 0.00403519 -0.756749
0.719156 0.00403519 -0.656654
0.80921 0.00403519 -0.541811
0.88109 0.00403519 -0.4148
0.933184 0.00403519 -0.278474
0.96432 0.00403519 -0.135894

-0.928959 0.0184518 -0.00147951
-0.918306 0.0184518 -0.140285
-0.887031 0.0184518 -0.275939
-0.835834 0.0184518 -0.405397
-0.765867 0.0184518 -0.525751
-0.6787 0.0184518 -0.634297
-0.576291 0.0184518 -0.728598
-0.46094 0.0184518 -0.806536
-0.335236 0.0184518 -0.866362
-0.202005 0.0184518 -0.906731
-0.0642361 0.0184518 -0.926736
0.0749749 0.0184518 -0.925929
0.212502 0.0184518 -0.904328
0.345257 0.0184518 -0.862417
0.470258 0.0184518 -0.801139
0.584698 0.0184518 -0.721868
0.686008 0.0184518 -0.626386
0.77191 0.0184518 -0.516837
0.840478 0.0184518 -0.395681
0.89017 0.0184518 -0.265638
0.919871 0.0184518 -0.12963

-0.863208 0.0509425 -0.00137479
-0.85331 0.0509425 -0.130356
-0.824248 0.0509425 -0.256409
-0.776675 0.0509425 -0.376704
-0.71166 0.0509425 -0.488539
-0.630663 0.0509425 -0.589402
-0.535502 0.0509425 -0.677029
-0.428315 0.0509425 -0.749451
-0.311509 0.0509425 -0.805042
-0.187707 0.0509425 -0.842554
-0.0596896 0.0509425 -0.861143
0.0696683 0.0509425 -0.860393
0.197462 0.0509425 -0.840321
0.32082 0.0509425 -0.801377
0.436974 0.0509425 -0.744435
0.543314 0.0509425 -0.670776
0.637453 0.0509425 -0.582052
0.717276 0.0509425 -0.480256
0.78099 0.0509425 -0.367675
0.827165 0.0509425 -0.246837
0.854764 0.0509425 -0.120455

-0.778072 0.11022 -0.0012392
-0.76915 0.11022 -0.117499
-0.742955 0.11022 -0.23112
-0.700074 0.11022 -0.33955
-0.641471 0.11022 -0.440355
-0.568462 0.11022 -0.531271
-0.482687 0.11022 -0.610255
-0.386071 0.11022 -0.675534
-0.280786 0.11022 -0.725643
-0.169194 0.11022 -0.759455
-0.0538026 0.11022 -0.776211
0.0627971 0.11022 -0.775535
0.177986 0.11022 -0.757442
0.289179 0.11022 -0.722339
0.393876 0.11022 -0.671014
0.489729 0.11022 -0.604619
0.574583 0.11022 -0.524645
0.646533 0.11022 -0.43289
0.703963 0.11022 -0.331412
0.745584 0.11022 -0.222492
0.770461 0.11022 -0.108575

-0.675462 0.207349 -0.00107578
-0.667717 0.207349 -0.102004
-0.644976 0.207349 -0.20064
-0.60775 0.207349 -0.294772
-0.556876 0.207349 -0.382283
-0.493495 0.207349 -0.461208
-0.419031 0.207349 -0.529777
-0.335157 0.207349 -0.586447
-0.243756 0.207349 -0.629947
-0.146881 0.207349 -0.6593
-0.0467072 0.207349 -0.673846
0.0545156 0.207349 -0.67326
0.154514 0.207349 -0.657553
0.251043 0.207349 -0.627079
0.341933 0.207349 -0.582522
0.425145 0.207349 -0.524883
0.498808 0.207349 -0.455457
0.56127 0.207349 -0.375801
0.611126 0.207349 -0.287706
0.647258 0.207349 -0.19315
0.668854 0.207349 -0.0942562

-0.557683 0.358255 -0.000888197
-0.551288 0.358255 -0.0842173
-0.532512 0.358255 -0.165655
-0.501778 0.358255 -0.243373
-0.459774 0.358255 -0.315625
-0.407445 0.358255 -0.380788
-0.345966 0.358255 -0.4374
-0.276716 0.358255 -0.484189
-0.201253 0.358255 -0.520104
-0.12127 0.358255 -0.544339
-0.038563 0.358255 -0.556349
0.0450098 0.358255 -0.555864
0.127572 0.358255 -0.542896
0.207269 0.358255 -0.517736
0.282311 0.358255 -0.480949
0.351013 0.358255 -0.43336
0.411832 0.358255 -0.376039
0.463402 0.358255 -0.310273
0.504565 0.358255 -0.23754
0.534397 0.358255 -0.159471
0.552227 0.358255 -0.0778209

-0.427379 0.590005 -0.000680668
-0.422479 0.590005 -0.0645398
-0.40809 0.590005 -0.126949
-0.384536 0.590005 -0.186508
-0.352347 0.590005 -0.241878
-0.312245 0.590005 -0.291816
-0.26513 0.590005 -0.335201
-0.212061 0.590005 -0.371057
-0.15423 0.590005 -0.398581
-0.0929348 0.590005 -0.417153
-0.0295527 0.590005 -0.426357
0.0344932 0.590005 -0.425986
0.0977643 0.590005 -0.416048
0.15884 0.590005 -0.396766
0.216348 0.590005 -0.368574
0.268998 0.590005 -0.332105
0.315607 0.590005 -0.288177
0.355127 0.590005 -0.237778
0.386673 0.590005 -0.182038
0.409534 0.590005 -0.12221
0.423198 0.590005 -0.0596379

-0.287478 0.960637 -0.000457853
-0.284181 0.960637 -0.0434128
-0.274503 0.960637 -0.0853929
-0.258659 0.960637 -0.125455
-0.237007 0.960637 -0.1627
-0.210032 0.960637 -0.196291
-0.17834 0.960637 -0.225474
-0.142643 0.960637 -0.249593
-0.103743 0.960637 -0.268106
-0.0625128 0.960637 -0.280599
-0.0198787 0.960637 -0.28679
0.0232019 0.960637 -0.28654
0.0657614 0.960637 -0.279855
0.106844 0.960637 -0.266886
0.145527 0.960637 -0.247922
0.180942 0.960637 -0.223391
0.212293 0.960637 -0.193843
0.238877 0.960637 -0.159942
0.260096 0.960637 -0.122448
0.275474 0.960637 -0.082205
0.284665 0.960637 -0.0401156

-0.14112 1.65628 -0.000224755
-0.139502 1.65628 -0.0213109
-0.134751 1.65628 -0.0419185
-0.126973 1.65628 -0.0615846
-0.116344 1.65628 -0.0798677
-0.103103 1.65628 -0.0963572
-0.0875454 1.65628 -0.110683
-0.0700222 1.65628 -0.122522
-0.0509264 1.65628 -0.131611
-0.0306869 1.65628 -0.137743
-0.00975823 1.65628 -0.140782
0.0113896 1.65628 -0.14066
0.0322816 1.65628 -0.137378
0.0524486 1.65628 -0.131011
0.0714378 1.65628 -0.121702
0.0888226 1.65628 -0.10966
0.104213 1.65628 -0.0951555
0.117262 1.65628 -0.0785137
0.127679 1.65628 -0.0601086
0.135227 1.65628 -0.0403536
0.139739 1.65628 -0.0196923

